Last,First			   1    2    3    4    5    6    7    8    9   10  Average
******************************************************************************
Doe,John              85   92   75   90   98   80   94   88   77   89  * 86.80
Johnson,Alice         90   88   92   85   76   89   91   93   78   87  * 86.90
Smith,Bob             78   82   95   68   72   86   90   93   81   94  * 83.90
Martinez,Eva          94   89   75   98   83   91   77   86   92   80  * 86.50
Brown,Michael         82   95   88   74   90   79   93   85   76   91  * 85.30
Clark,Sophie          89   76   93   87   84   98   72   90   81   95  * 86.50
White,David           96   85   77   92   89   83   78   91   94   88  * 87.30
Taylor,Olivia         83   91   79   95   88   82   76   94   90   87  * 86.50
Lee,Daniel            87   94   88   79   91   85   96   78   89   83  * 87.00
Garcia,Mia            92   89   76   93   85   80   87   91   84   98  * 87.50
